6371.00000      6.18904      3.41464      2.28340      57823.00000      600.00000
6370.00000      6.18904      3.41464      2.28340      57823.00000      600.00000
6369.00000      6.18904      3.41464      2.28340      57823.00000      600.00000
6368.00000      6.18904      3.41464      2.28340      57823.00000      600.00000
6368.00000      6.18904      3.41464      2.28340      57823.00000      600.00000
6367.00000      6.18904      3.41464      2.28340      57823.00000      600.00000
6366.00000      6.18904      3.41464      2.28340      57823.00000      600.00000
6365.00000      6.18904      3.41464      2.28340      57823.00000      600.00000
6364.00000      6.18904      3.41464      2.28340      57823.00000      600.00000
6363.00000      6.18904      3.41464      2.28340      57823.00000      600.00000
6362.00000      6.18904      3.41464      2.28340      57823.00000      600.00000
6361.00000      6.18904      3.41464      2.28340      57823.00000      600.00000
6360.00000      6.18904      3.41464      2.28340      57823.00000      600.00000
6359.00000      6.18904      3.41464      2.28340      57823.00000      600.00000
6358.00000      6.18904      3.41464      2.28340      57823.00000      600.00000
6357.00000      6.18904      3.41464      2.28340      57823.00000      600.00000
6356.00000      6.18904      3.41464      2.28340      57823.00000      600.00000
6356.00000      6.80000      3.90000      2.90000      57823.00000      600.00000
6355.00000      6.80000      3.90000      2.90000      57823.00000      600.00000
6354.00000      6.80000      3.90000      2.90000      57823.00000      600.00000
6353.00000      6.80000      3.90000      2.90000      57823.00000      600.00000
6352.00000      6.80000      3.90000      2.90000      57823.00000      600.00000
6351.00000      6.80000      3.90000      2.90000      57823.00000      600.00000
6350.00000      6.80000      3.90000      2.90000      57823.00000      600.00000
6349.00000      6.80000      3.90000      2.90000      57823.00000      600.00000
6348.00000      6.80000      3.90000      2.90000      57823.00000      600.00000
6346.60000      6.80000      3.90000      2.90000      57823.00000      600.00000
6346.60000      8.11062      4.49101      3.38075      57823.00000      600.00000
6346.00000      8.11025      4.49079      3.38068      57823.00000      600.00000
6345.00000      8.10963      4.49042      3.38057      57823.00000      600.00000
6344.00000      8.10901      4.49005      3.38047      57823.00000      600.00000
6343.00000      8.10839      4.48968      3.38036      57823.00000      600.00000
6342.00000      8.10777      4.48931      3.38025      57823.00000      600.00000
6341.00000      8.10716      4.48894      3.38014      57823.00000      600.00000
6340.00000      8.10654      4.48857      3.38003      57823.00000      600.00000
6339.00000      8.10592      4.48821      3.37992      57823.00000      600.00000
6338.00000      8.10530      4.48784      3.37981      57823.00000      600.00000
6337.00000      8.10468      4.48747      3.37970      57823.00000      600.00000
6336.00000      8.10406      4.48710      3.37960      57823.00000      600.00000
6331.00000      8.10097      4.48526      3.37905      57823.00000      600.00000
6326.00000      8.09788      4.48341      3.37851      57823.00000      600.00000
6321.00000      8.09479      4.48157      3.37797      57823.00000      600.00000
6311.00000      8.08861      4.47789      3.37688      57823.00000      600.00000
6301.00000      8.08243      4.47420      3.37579      57823.00000      600.00000
6291.00000      8.07625      4.47052      3.37471      57823.00000      600.00000
6291.00000      8.07625      4.47052      3.37471      57823.00000      80.00000
6281.00000      8.07007      4.46683      3.37362      57823.00000      80.00000
6271.00000      8.06389      4.46314      3.37253      57823.00000      80.00000
6261.00000      8.05770      4.45946      3.37145      57823.00000      80.00000
6251.00000      8.05152      4.45577      3.37036      57823.00000      80.00000
6241.00000      8.04534      4.45209      3.36927      57823.00000      80.00000
6231.00000      8.03916      4.44840      3.36818      57823.00000      80.00000
6221.00000      8.03298      4.44472      3.36710      57823.00000      80.00000
6211.00000      8.02680      4.44103      3.36601      57823.00000      80.00000
6201.00000      8.02062      4.43734      3.36492      57823.00000      80.00000
6191.00000      8.01443      4.43366      3.36384      57823.00000      80.00000
6181.00000      8.00825      4.42997      3.36275      57823.00000      80.00000
6171.00000      8.00207      4.42629      3.36166      57823.00000      80.00000
6161.00000      7.99589      4.42260      3.36058      57823.00000      80.00000
6151.00000      7.98971      4.41892      3.35949      57823.00000      80.00000
6151.00000      7.98971      4.41892      3.43577      57823.00000      143.00000
6141.00000      8.57819      4.65090      3.44175      57823.00000      143.00000
6131.00000      8.59743      4.65790      3.44772      57823.00000      143.00000
6121.00000      8.61666      4.66490      3.45369      57823.00000      143.00000
6111.00000      8.63590      4.67190      3.45966      57823.00000      143.00000
6101.00000      8.65514      4.67890      3.46563      57823.00000      143.00000
6091.00000      8.67438      4.68590      3.47160      57823.00000      143.00000
6081.00000      8.69362      4.69290      3.47758      57823.00000      143.00000
6071.00000      8.71286      4.69990      3.48355      57823.00000      143.00000
6061.00000      8.73210      4.70690      3.48952      57823.00000      143.00000
6051.00000      8.75133      4.71390      3.49549      57823.00000      143.00000
6041.00000      8.77057      4.72090      3.50146      57823.00000      143.00000
6031.00000      8.78981      4.72790      3.50743      57823.00000      143.00000
6021.00000      8.80905      4.73490      3.51341      57823.00000      143.00000
6011.00000      8.82829      4.74190      3.51938      57823.00000      143.00000
6001.00000      8.84753      4.74890      3.52535      57823.00000      143.00000
5991.00000      8.86677      4.75590      3.53132      57823.00000      143.00000
5981.00000      8.88600      4.76290      3.53729      57823.00000      143.00000
5971.00000      8.90524      4.76990      3.54326      57823.00000      143.00000
5971.00000      9.13392      4.93249      3.72375      57823.00000      143.00000
5961.00000      9.18511      4.96166      3.73635      57823.00000      143.00000
5951.00000      9.23631      4.99083      3.74895      57823.00000      143.00000
5941.00000      9.28750      5.02000      3.76156      57823.00000      143.00000
5931.00000      9.33870      5.04918      3.77416      57823.00000      143.00000
5921.00000      9.38989      5.07835      3.78677      57823.00000      143.00000
5911.00000      9.44109      5.10752      3.79937      57823.00000      143.00000
5901.00000      9.49228      5.13669      3.81197      57823.00000      143.00000
5891.00000      9.54348      5.16586      3.82458      57823.00000      143.00000
5881.00000      9.59468      5.19504      3.83718      57823.00000      143.00000
5871.00000      9.64587      5.22421      3.84978      57823.00000      143.00000
5861.00000      9.69707      5.25338      3.86239      57823.00000      143.00000
5851.00000      9.74826      5.28255      3.87499      57823.00000      143.00000
5841.00000      9.79946      5.31173      3.88759      57823.00000      143.00000
5831.00000      9.85065      5.34090      3.90020      57823.00000      143.00000
5821.00000      9.90185      5.37007      3.91280      57823.00000      143.00000
5811.00000      9.95304      5.39924      3.92541      57823.00000      143.00000
5801.00000      10.00424      5.42841      3.93801      57823.00000      143.00000
5791.00000      10.05543      5.45759      3.95061      57823.00000      143.00000
5781.00000      10.10663      5.48676      3.96322      57823.00000      143.00000
5771.00000      10.15783      5.51593      3.97582      57823.00000      143.00000
5771.00000      10.15776      5.51602      3.97582      57823.00000      143.00000
5761.00000      10.17325      5.52376      3.97815      57823.00000      143.00000
5751.00000      10.18874      5.53150      3.98048      57823.00000      143.00000
5741.00000      10.20422      5.53924      3.98281      57823.00000      143.00000
5731.00000      10.21971      5.54699      3.98514      57823.00000      143.00000
5721.00000      10.23520      5.55473      3.98746      57823.00000      143.00000
5711.00000      10.25069      5.56247      3.98979      57823.00000      143.00000
5701.00000      10.26617      5.57021      3.99212      57823.00000      143.00000
5701.00000      10.75132      5.94513      4.38074      57823.00000      312.00000
5685.70000      10.79897      5.98986      4.39029      57823.00000      312.00000
5635.70000      10.95459      6.13609      4.42128      57823.00000      312.00000
5600.00000      11.06560      6.24054      4.44320      57823.00000      312.00000
5600.00000      11.06559      6.24039      4.44320      57823.00000      312.00000
5585.70000      11.09179      6.25067      4.45194      57823.00000      312.00000
5535.70000      11.18192      6.28608      4.48228      57823.00000      312.00000
5485.70000      11.26984      6.32065      4.51232      57823.00000      312.00000
5435.70000      11.35563      6.35442      4.54206      57823.00000      312.00000
5385.70000      11.43936      6.38742      4.57150      57823.00000      312.00000
5335.70000      11.52110      6.41967      4.60067      57823.00000      312.00000
5285.70000      11.60095      6.45120      4.62956      57823.00000      312.00000
5235.70000      11.67896      6.48204      4.65819      57823.00000      312.00000
5185.70000      11.75523      6.51220      4.68656      57823.00000      312.00000
5135.70000      11.82983      6.54173      4.71469      57823.00000      312.00000
5085.70000      11.90283      6.57064      4.74259      57823.00000      312.00000
5035.70000      11.97431      6.59897      4.77025      57823.00000      312.00000
4985.70000      12.04435      6.62674      4.79770      57823.00000      312.00000
4935.70000      12.11304      6.65398      4.82493      57823.00000      312.00000
4885.70000      12.18043      6.68071      4.85196      57823.00000      312.00000
4835.70000      12.24662      6.70696      4.87881      57823.00000      312.00000
4785.70000      12.31167      6.73276      4.90547      57823.00000      312.00000
4735.70000      12.37567      6.75813      4.93195      57823.00000      312.00000
4685.70000      12.43870      6.78311      4.95827      57823.00000      312.00000
4635.70000      12.50083      6.80771      4.98443      57823.00000      312.00000
4585.70000      12.56213      6.83197      5.01045      57823.00000      312.00000
4535.70000      12.62269      6.85592      5.03633      57823.00000      312.00000
4485.70000      12.68258      6.87957      5.06208      57823.00000      312.00000
4435.70000      12.74188      6.90296      5.08770      57823.00000      312.00000
4385.70000      12.80067      6.92611      5.11322      57823.00000      312.00000
4335.70000      12.85902      6.94906      5.13863      57823.00000      312.00000
4285.70000      12.91702      6.97182      5.16395      57823.00000      312.00000
4235.70000      12.97473      6.99442      5.18919      57823.00000      312.00000
4185.70000      13.03224      7.01690      5.21434      57823.00000      312.00000
4135.70000      13.08963      7.03927      5.23944      57823.00000      312.00000
4085.70000      13.14696      7.06157      5.26447      57823.00000      312.00000
4035.70000      13.20432      7.08382      5.28945      57823.00000      312.00000
3985.70000      13.26179      7.10605      5.31440      57823.00000      312.00000
3935.70000      13.31944      7.12828      5.33931      57823.00000      312.00000
3885.70000      13.37735      7.15055      5.36420      57823.00000      312.00000
3835.70000      13.43560      7.17287      5.38908      57823.00000      312.00000
3785.70000      13.49426      7.19529      5.41395      57823.00000      312.00000
3735.70000      13.55341      7.21781      5.43883      57823.00000      312.00000
3685.70000      13.61313      7.24048      5.46372      57823.00000      312.00000
3635.70000      13.67350      7.26331      5.48863      57823.00000      312.00000
3630.00000      13.68042      7.26593      5.49148      57823.00000      312.00000
3630.00000      13.68044      7.26597      5.49148      57823.00000      312.00000
3585.70000      13.69098      7.26563      5.51358      57823.00000      312.00000
3535.70000      13.70302      7.26520      5.53856      57823.00000      312.00000
3485.70000      13.71522      7.26471      5.56360      57823.00000      312.00000
3480.00000      13.71662      7.26465      5.56646      57823.00000      312.00000
3480.00000      8.06479      0.00000      9.90344      57823.00000      0.00000
3400.00000      8.19943      0.00000      10.02942      57823.00000      0.00000
3300.00000      8.36024      0.00000      10.18136      57823.00000      0.00000
3200.00000      8.51302      0.00000      10.32727      57823.00000      0.00000
3100.00000      8.65809      0.00000      10.46729      57823.00000      0.00000
3000.00000      8.79577      0.00000      10.60153      57823.00000      0.00000
2900.00000      8.92636      0.00000      10.73013      57823.00000      0.00000
2800.00000      9.05019      0.00000      10.85322      57823.00000      0.00000
2700.00000      9.16756      0.00000      10.97092      57823.00000      0.00000
2600.00000      9.27880      0.00000      11.08336      57823.00000      0.00000
2500.00000      9.38422      0.00000      11.19067      57823.00000      0.00000
2400.00000      9.48413      0.00000      11.29298      57823.00000      0.00000
2300.00000      9.57885      0.00000      11.39042      57823.00000      0.00000
2221.50000      9.64977      0.00000      11.46358      57823.00000      0.00000
2200.00000      9.66869      0.00000      11.48311      57823.00000      0.00000
2100.00000      9.75397      0.00000      11.57119      57823.00000      0.00000
2000.00000      9.83500      0.00000      11.65478      57823.00000      0.00000
1900.00000      9.91210      0.00000      11.73401      57823.00000      0.00000
1800.00000      9.98558      0.00000      11.80900      57823.00000      0.00000
1700.00000      10.05576      0.00000      11.87989      57823.00000      0.00000
1600.00000      10.12295      0.00000      11.94681      57823.00000      0.00000
1500.00000      10.18747      0.00000      12.00988      57823.00000      0.00000
1400.00000      10.24963      0.00000      12.06923      57823.00000      0.00000
1300.00000      10.30975      0.00000      12.12499      57823.00000      0.00000
1221.50000      10.35572      0.00000      12.16633      57823.00000      0.00000
1221.50000      11.02826      3.50431      12.76361      1327.70000      84.60000
1217.10000      11.02994      3.50549      12.76595      1327.70000      84.60000
1200.00000      11.03642      3.51002      12.77495      1327.70000      84.60000
1100.00000      11.07249      3.53522      12.82503      1327.70000      84.60000
1000.00000      11.10541      3.55823      12.87076      1327.70000      84.60000
900.00000      11.13520      3.57905      12.91213      1327.70000      84.60000
800.00000      11.16186      3.59767      12.94914      1327.70000      84.60000
700.00000      11.18537      3.61411      12.98181      1327.70000      84.60000
600.00000      11.20576      3.62835      13.01011      1327.70000      84.60000
500.00000      11.22300      3.64041      13.03406      1327.70000      84.60000
400.00000      11.23711      3.65027      13.05366      1327.70000      84.60000
300.00000      11.24809      3.65794      13.06890      1327.70000      84.60000
200.00000      11.25593      3.66342      13.07979      1327.70000      84.60000
100.00000      11.26063      3.66670      13.08632      1327.70000      84.60000
0.00000      11.26220      3.66780      13.08850      1327.70000      84.60000
