0.000000 5.916080 3.415650 3.000000
64.353535 5.916080 3.415650 3.000000
128.707071 5.916080 3.415650 3.000000
149.900000 5.916080 3.415650 3.000000
150.000000 5.916080 0.000000 3.000000
151.000000 5.916080 0.000000 3.000000
151.100000 5.916080 3.415650 3.000000
193.060606 5.916080 3.415650 3.000000
257.414141 5.916080 3.415650 3.000000
321.767677 5.916080 3.415650 3.000000
386.121212 5.916080 3.415650 3.000000
450.474747 5.916080 3.415650 3.000000
514.828283 5.916080 3.415650 3.000000
579.181818 5.916080 3.415650 3.000000
643.535354 5.916080 3.415650 3.000000
707.888889 5.916080 3.415650 3.000000
772.242424 5.916080 3.415650 3.000000
836.595960 5.916080 3.415650 3.000000
900.949495 5.916080 3.415650 3.000000
965.303030 5.916080 3.415650 3.000000
1029.656566 5.916080 3.415650 3.000000
1094.010101 5.916080 3.415650 3.000000
1158.363636 5.916080 3.415650 3.000000
1222.717172 5.916080 3.415650 3.000000
1287.070707 5.916080 3.415650 3.000000
1351.424242 5.916080 3.415650 3.000000
1415.777778 5.916080 3.415650 3.000000
1480.131313 5.916080 3.415650 3.000000
1544.484848 5.916080 3.415650 3.000000
1608.838384 5.916080 3.415650 3.000000
1673.191919 5.916080 3.415650 3.000000
1737.545455 5.916080 3.415650 3.000000
1801.898990 5.916080 3.415650 3.000000
1866.252525 5.916080 3.415650 3.000000
1930.606061 5.916080 3.415650 3.000000
1994.959596 5.916080 3.415650 3.000000
2059.313131 5.916080 3.415650 3.000000
2123.666667 5.916080 3.415650 3.000000
2188.020202 5.916080 3.415650 3.000000
2252.373737 5.916080 3.415650 3.000000
2316.727273 5.916080 3.415650 3.000000
2381.080808 5.916080 3.415650 3.000000
2445.434343 5.916080 3.415650 3.000000
2509.787879 5.916080 3.415650 3.000000
2574.141414 5.916080 3.415650 3.000000
2638.494949 5.916080 3.415650 3.000000
2702.848485 5.916080 3.415650 3.000000
2767.202020 5.916080 3.415650 3.000000
2831.555556 5.916080 3.415650 3.000000
2895.909091 5.916080 3.415650 3.000000
2960.262626 5.916080 3.415650 3.000000
3024.616162 5.916080 3.415650 3.000000
3088.969697 5.916080 3.415650 3.000000
3153.323232 5.916080 3.415650 3.000000
3217.676768 5.916080 3.415650 3.000000
3282.030303 5.916080 3.415650 3.000000
3346.383838 5.916080 3.415650 3.000000
3410.737374 5.916080 3.415650 3.000000
3475.090909 5.916080 3.415650 3.000000
3539.444444 5.916080 3.415650 3.000000
3603.797980 5.916080 3.415650 3.000000
3668.151515 5.916080 3.415650 3.000000
3732.505051 5.916080 3.415650 3.000000
3796.858586 5.916080 3.415650 3.000000
3861.212121 5.916080 3.415650 3.000000
3925.565657 5.916080 3.415650 3.000000
3989.919192 5.916080 3.415650 3.000000
4054.272727 5.916080 3.415650 3.000000
4118.626263 5.916080 3.415650 3.000000
4182.979798 5.916080 3.415650 3.000000
4247.333333 5.916080 3.415650 3.000000
4311.686869 5.916080 3.415650 3.000000
4376.040404 5.916080 3.415650 3.000000
4440.393939 5.916080 3.415650 3.000000
4504.747475 5.916080 3.415650 3.000000
4569.101010 5.916080 3.415650 3.000000
4633.454545 5.916080 3.415650 3.000000
4697.808081 5.916080 3.415650 3.000000
4762.161616 5.916080 3.415650 3.000000
4826.515152 5.916080 3.415650 3.000000
4890.868687 5.916080 3.415650 3.000000
4955.222222 5.916080 3.415650 3.000000
5019.575758 5.916080 3.415650 3.000000
5083.929293 5.916080 3.415650 3.000000
5148.282828 5.916080 3.415650 3.000000
5212.636364 5.916080 3.415650 3.000000
5276.989899 5.916080 3.415650 3.000000
5341.343434 5.916080 3.415650 3.000000
5405.696970 5.916080 3.415650 3.000000
5470.050505 5.916080 3.415650 3.000000
5534.404040 5.916080 3.415650 3.000000
5598.757576 5.916080 3.415650 3.000000
5663.111111 5.916080 3.415650 3.000000
5727.464646 5.916080 3.415650 3.000000
5791.818182 5.916080 3.415650 3.000000
5856.171717 5.916080 3.415650 3.000000
5920.525253 5.916080 3.415650 3.000000
5984.878788 5.916080 3.415650 3.000000
6049.232323 5.916080 3.415650 3.000000
6113.585859 5.916080 3.415650 3.000000
6177.939394 5.916080 3.415650 3.000000
6242.292929 5.916080 3.415650 3.000000
6306.646465 5.916080 3.415650 3.000000
6330.000000 5.916080 3.415650 3.000000
6350.000000 5.916080 3.415650 3.000000
6365.000000 5.916080 3.415650 3.000000
6370.000000 5.916080 3.415650 3.000000
6371.000000 5.916080 3.415650 3.000000
